39.029161,-94.578326,39.029161,-94.578326
39.028988,-94.573695,400
39.031199,-94.578228,227
-
39.028988,-94.573695,39.028988,-94.573695
39.030830,-94.573584,205
39.029161,-94.578326,400
-
39.034179,-94.576547,39.034179,-94.576547
plasterfreeenterprise,0
39.034145,-94.576622,7
-
39.034479,-94.582703,39.034479,-94.582703
39.034475,-94.582514,16
39.032418,-94.582813,229
39.036529,-94.582600,228
39.036984,-94.582563,279
39.038683,-94.582478,468
-
39.034475,-94.582514,39.034475,-94.582514
39.034130,-94.582496,39
39.034479,-94.582703,16
-
39.033817,-94.574005,39.033817,-94.574005
generalservicesbldg,0
39.033550,-94.574183,44
-
39.036386,-94.577080,39.036386,-94.577080
39.036579,-94.577864,86
39.036374,-94.576133,82
-
39.036139,-94.573269,39.036139,-94.573269
39.033524,-94.573439,291
39.036259,-94.574359,111
39.030830,-94.573584,591
39.036296,-94.575658,223
-
39.036177,-94.580659,39.036177,-94.580659
39.036674,-94.578056,244
39.036529,-94.582600,196
39.034789,-94.580335,157
39.031704,-94.580520,501
39.036529,-94.579474,116
39.034669,-94.580333,171
-
39.032220,-94.582815,39.032220,-94.582815
39.032186,-94.583458,56
39.036984,-94.582563,530
-
39.032186,-94.583458,39.032186,-94.583458
39.031776,-94.584130,81
39.032220,-94.582815,56
-
39.032330,-94.584154,39.032330,-94.584154
39.032418,-94.582813,141
39.031776,-94.584130,62
-
39.032418,-94.582813,39.032418,-94.582813
39.033927,-94.582735,168
39.031628,-94.581162,184
39.031704,-94.580520,240
39.031888,-94.578184,445
39.032330,-94.584154,141
39.034479,-94.582703,229
39.036984,-94.582563,508
-
studentunion,39.0344256, -94.5810319
39.034152,-94.581045,0
-
39.036468,-94.580709,39.036468,-94.580709
39.034669,-94.580333,203
39.036529,-94.582600,163
39.035449,-94.580443,116
39.034142,-94.580366,262
39.038432,-94.578670,289
39.033143,-94.580420,373
39.034789,-94.580335,190
-
39.031199,-94.578228,39.031199,-94.578228
39.034588,-94.578014,377
39.031228,-94.579024,69
39.031888,-94.578184,77
39.032781,-94.578125,176
39.030491,-94.578264,79
39.029161,-94.578326,227
39.030948,-94.578242,28
-
39.030830,-94.573584,39.030830,-94.573584
39.030948,-94.578242,403
39.033524,-94.573439,300
39.030934,-94.577085,303
39.030888,-94.575449,161
39.028988,-94.573695,205
39.034457,-94.573365,404
39.036139,-94.573269,591
-
39.034481,-94.583238,39.034481,-94.583238
brookeside51,0
39.034124,-94.583267,40
-
39.034124,-94.583267,39.034124,-94.583267
39.033930,-94.582954,45
39.034481,-94.583238,40
-
39.032208,-94.582582,39.032208,-94.582582
39.031704,-94.580520,198
39.033927,-94.582735,199
39.033747,-94.582743,179
39.031878,-94.582040,60
39.038683,-94.582478,728
39.036984,-94.582563,539
39.031628,-94.581162,141
39.031888,-94.578184,403
-
39.035469,-94.577027,39.035469,-94.577027
fineartsbuilding,0
39.035409,-94.575634,121
39.035999,-94.577102,61
39.036674,-94.578056,211
-
39.034142,-94.580366,39.034142,-94.580366
39.034669,-94.580333,59
39.034152,-94.581045,59
39.031704,-94.580520,271
39.035449,-94.580443,146
39.033143,-94.580420,111
39.036468,-94.580709,262
39.034789,-94.580335,72
-
39.033918,-94.577077,39.033918,-94.577077
haaghall,0
39.034291,-94.576894,47
royallhall,0
scofieldhall,0
39.034549,-94.576797,77
39.034353,-94.576856,55
39.033918,-94.577077,0
39.033918,-94.577077,0
-
39.034291,-94.576894,39.034291,-94.576894
39.034549,-94.576797,30
39.033918,-94.577077,47
39.034145,-94.576622,33
39.034353,-94.576856,8
-
39.031628,-94.581162,39.031628,-94.581162
39.031704,-94.580520,57
39.033453,-94.581450,242
39.032694,-94.581660,134
39.031878,-94.582040,82
39.032418,-94.582813,184
39.031888,-94.578184,261
39.032208,-94.582582,141
-
39.030902,-94.575907,39.030902,-94.575907
39.034517,-94.575690,402
39.030888,-94.575449,40
39.030948,-94.578242,202
39.035409,-94.575634,502
39.032713,-94.575797,202
39.036296,-94.575658,601
39.035855,-94.575612,551
39.037598,-94.577517,818
39.030934,-94.577085,102
39.038432,-94.578670,954
-
39.034549,-94.576797,39.034549,-94.576797
39.034491,-94.574778,175
39.034291,-94.576894,30
39.034353,-94.576856,23
39.034669,-94.580333,306
39.033918,-94.577077,77
39.034517,-94.575690,96
39.034457,-94.573365,297
39.034588,-94.578014,105
39.034473,-94.574127,231
-
39.031232,-94.581769,39.031232,-94.581769
39.031257,-94.582142,32
39.031075,-94.581925,30
-
katzhall,39.0357411, -94.5749766
39.035958,-94.574824,0
-
39.031878,-94.582040,39.031878,-94.582040
39.031704,-94.580520,139
39.031257,-94.582142,70
39.031888,-94.578184,343
39.032208,-94.582582,60
39.031628,-94.581162,82
-
39.031704,-94.580520,39.031704,-94.580520
39.034669,-94.580333,330
39.031878,-94.582040,139
39.032208,-94.582582,198
39.031628,-94.581162,57
39.035449,-94.580443,418
39.034142,-94.580366,271
39.033143,-94.580420,160
39.034789,-94.580335,343
39.031888,-94.578184,205
39.032418,-94.582813,240
39.036177,-94.580659,501
-
39.033540,-94.573895,39.033540,-94.573895
39.033524,-94.573439,39
39.033813,-94.573885,30
-
39.037598,-94.577517,39.037598,-94.577517
39.034517,-94.575690,415
39.036579,-94.578213,135
39.036529,-94.579474,246
39.038432,-94.578670,137
39.030902,-94.575907,818
39.036674,-94.578056,118
39.036296,-94.575658,217
39.032713,-94.575797,616
-
39.034669,-94.580333,39.034669,-94.580333
39.034491,-94.574778,480
39.031704,-94.580520,330
39.035449,-94.580443,88
39.034142,-94.580366,59
39.033143,-94.580420,170
39.036468,-94.580709,203
39.034789,-94.580335,13
39.034549,-94.576797,306
39.034588,-94.578014,200
39.034473,-94.574127,536
39.034517,-94.575690,401
39.034457,-94.573365,602
39.036177,-94.580659,171
-
39.035943,-94.574372,39.035943,-94.574372
39.036259,-94.574359,35
39.035958,-94.574824,39
-
39.033927,-94.582735,39.033927,-94.582735
39.032208,-94.582582,199
39.033930,-94.582954,19
39.036529,-94.582600,290
39.038683,-94.582478,529
39.032418,-94.582813,168
39.033747,-94.582743,20
-
39.036374,-94.576133,39.036374,-94.576133
39.036386,-94.577080,82
39.035856,-94.575966,64
39.036918,-94.578856,259
-
universityhouse,39.034226, -94.5747549
39.034491,-94.574778,0
39.033978,-94.574733,0
39.034490,-94.574752,0
-
39.036984,-94.582563,39.036984,-94.582563
39.036529,-94.582600,51
39.037510,-94.583269,221
39.032208,-94.582582,539
39.032220,-94.582815,530
39.034479,-94.582703,279
39.038683,-94.582478,189
39.032418,-94.582813,508
-
39.036457,-94.578031,39.036457,-94.578031
atterburysuccesscenter,0
39.036579,-94.578213,22
39.036579,-94.577864,21
-
swinneycenter,39.0355971, -94.5796927
39.035449,-94.580443,0
-
39.031159,-94.577913,39.031159,-94.577913
39.030955,-94.577931,23
39.031574,-94.577221,100
-
39.031075,-94.581925,39.031075,-94.581925
toysandminiaturesmuseum,0
39.031232,-94.581769,30
39.031257,-94.582142,70
-
africanamericanhistandculturehouse,39.0310701, -94.57544010000001
39.030888,-94.575449,0
-
haaghall,39.0336435, -94.5769808
39.033918,-94.577077,0
-
39.033215,-94.574762,39.033215,-94.574762
39.033978,-94.574733,85
39.033044,-94.574981,30
39.032674,-94.574774,60
39.033414,-94.574753,22
-
39.034353,-94.576856,39.034353,-94.576856
plasterfreeenterprise,0
39.034549,-94.576797,23
39.033918,-94.577077,55
39.034291,-94.576894,8
-
39.034152,-94.581045,39.034152,-94.581045
studentunion,0
39.034142,-94.580366,59
-
39.032750,-94.576978,39.032750,-94.576978
39.032713,-94.575797,102
39.031602,-94.577037,128
39.030934,-94.577085,202
39.032763,-94.577504,45
39.032674,-94.574774,191
39.032781,-94.578125,99
-
brookeside51,39.0344721, -94.5830119
39.034481,-94.583238,0
-
39.035958,-94.574824,39.035958,-94.574824
katzhall,0
39.034473,-94.574127,224
39.035943,-94.574372,39
39.034917,-94.574103,175
-
39.038683,-94.582478,39.038683,-94.582478
39.032208,-94.582582,728
39.038501,-94.578649,332
39.033927,-94.582735,529
39.033747,-94.582743,549
39.034479,-94.582703,468
39.037619,-94.573823,770
39.036984,-94.582563,189
-
39.035163,-94.582384,39.035163,-94.582384
oakresidencehall,0
39.033750,-94.582547,159
39.034130,-94.582496,116
-
39.033597,-94.581238,39.033597,-94.581238
blochheritagehall,0
39.033453,-94.581450,34
-
blochheritagehall,39.033596, -94.58098269999999
39.033597,-94.581238,0
-
39.035855,-94.575612,39.035855,-94.575612
39.035856,-94.575966,31
39.038432,-94.578670,403
39.034517,-94.575690,149
39.032713,-94.575797,350
39.036296,-94.575658,49
39.035409,-94.575634,50
39.030902,-94.575907,551
-
39.035409,-94.575634,39.035409,-94.575634
39.034517,-94.575690,99
39.035469,-94.577027,121
39.035433,-94.576508,76
39.030902,-94.575907,502
39.035855,-94.575612,50
39.032713,-94.575797,300
39.038432,-94.578670,453
39.036296,-94.575658,99
-
familydevelopmentcenter,39.0332596, -94.5740093
39.033115,-94.574017,0
-
39.034491,-94.574778,39.034491,-94.574778
universityhouse,0
39.034669,-94.580333,480
39.034549,-94.576797,175
39.034517,-94.575690,79
39.034588,-94.578014,280
-
cherryhall,39.0350261, -94.5807811
39.034810,-94.580793,0
-
39.035433,-94.576508,39.035433,-94.576508
millernicholslibrary,0
39.035409,-94.575634,76
39.035999,-94.577102,107
-
admincenter,39.0341175, -94.58219199999999
39.034130,-94.582496,0
-
debatehouse,39.030483, -94.57797959999999
39.030491,-94.578264,0
-
granthall,39.03163989999999, -94.57728709999999
39.031574,-94.577221,0
-
johnsonresidencehall,39.037285, -94.5832805
39.037510,-94.583269,0
-
39.036529,-94.582600,39.036529,-94.582600
39.036468,-94.580709,163
39.036984,-94.582563,51
39.033927,-94.582735,290
39.033747,-94.582743,310
39.036177,-94.580659,196
39.034479,-94.582703,228
-
lawbldg,39.0325047, -94.5818695
39.032694,-94.581660,0
-
39.034517,-94.575690,39.034517,-94.575690
39.034491,-94.574778,79
39.035409,-94.575634,99
39.037598,-94.577517,415
39.032713,-94.575797,201
39.030902,-94.575907,402
39.034669,-94.580333,401
39.036296,-94.575658,198
39.034549,-94.576797,96
39.035855,-94.575612,149
39.034588,-94.578014,201
39.034473,-94.574127,135
-
39.033384,-94.574322,39.033384,-94.574322
39.033414,-94.574753,37
39.033115,-94.574017,51
39.033555,-94.574320,19
-
39.030491,-94.578264,39.030491,-94.578264
debatehouse,0
39.034588,-94.578014,456
39.031888,-94.578184,155
39.032781,-94.578125,255
39.030948,-94.578242,51
39.031199,-94.578228,79
-
oakresidencehall,39.0351392, -94.58187749999999
39.034980,-94.581407,0
39.035163,-94.582384,0
-
39.030955,-94.577931,39.030955,-94.577931
39.030948,-94.578242,27
39.031159,-94.577913,23
-
39.032674,-94.574774,39.032674,-94.574774
39.032713,-94.575797,88
39.033414,-94.574753,82
39.033215,-94.574762,60
39.032781,-94.578125,290
39.032750,-94.576978,191
39.032763,-94.577504,236
39.032859,-94.574769,21
39.033612,-94.574745,104
-
manheimhall,39.0330426, -94.5774757
39.032763,-94.577504,0
-
39.033448,-94.578080,39.033448,-94.578080
newcombhall,0
39.034588,-94.578014,127
39.030948,-94.578242,278
-
39.033180,-94.580830,39.033180,-94.580830
blochexecutivehall,0
39.033143,-94.580420,36
-
39.032713,-94.575797,39.032713,-94.575797
39.034517,-94.575690,201
39.032750,-94.576978,102
39.032763,-94.577504,148
39.030902,-94.575907,202
39.032674,-94.574774,88
39.035855,-94.575612,350
39.032781,-94.578125,201
39.038432,-94.578670,753
39.035409,-94.575634,300
39.037598,-94.577517,616
39.036296,-94.575658,399
-
39.033930,-94.582954,39.033930,-94.582954
39.033927,-94.582735,19
39.034124,-94.583267,45
-
millernicholslibrary,39.0350391, -94.5765256
39.035433,-94.576508,0
-
generalservicesbldg,39.0341189, -94.5739898
39.034129,-94.574397,0
39.033813,-94.573885,0
39.033817,-94.574005,0
-
39.034129,-94.574397,39.034129,-94.574397
generalservicesbldg,0
39.033613,-94.574418,57
-
39.035856,-94.575966,39.035856,-94.575966
39.035966,-94.575972,12
39.035855,-94.575612,31
39.036374,-94.576133,64
-
39.033813,-94.573885,39.033813,-94.573885
generalservicesbldg,0
39.033540,-94.573895,30
-
olsenperformingartscenter,39.03698809999999, -94.5794509
39.036529,-94.579474,0
39.036918,-94.578856,0
-
39.033143,-94.580420,39.033143,-94.580420
39.034669,-94.580333,170
39.033180,-94.580830,36
39.031704,-94.580520,160
39.035449,-94.580443,257
39.034142,-94.580366,111
39.036468,-94.580709,373
39.034789,-94.580335,183
-
plasterfreeenterprise,39.0342932, -94.5766695
39.034353,-94.576856,0
39.034179,-94.576547,0
-
royallhall,39.0336435, -94.5769808
39.033918,-94.577077,0
-
39.037619,-94.573823,39.037619,-94.573823
39.038683,-94.582478,770
39.033524,-94.573439,500
39.034457,-94.573365,396
-
39.031776,-94.584130,39.031776,-94.584130
39.032330,-94.584154,62
39.032186,-94.583458,81
-
39.034130,-94.582496,39.034130,-94.582496
admincenter,0
39.033750,-94.582547,43
39.034475,-94.582514,39
39.035163,-94.582384,116
-
psychologybuilding,39.0315196, -94.57900749999999
39.031228,-94.579024,0
-
39.032694,-94.581660,39.032694,-94.581660
lawbldg,0
39.031628,-94.581162,134
39.033453,-94.581450,108
-
scofieldhall,39.0337772, -94.5773951
39.033918,-94.577077,0
-
39.036579,-94.577864,39.036579,-94.577864
39.036457,-94.578031,21
39.036674,-94.578056,21
39.036386,-94.577080,86
-
39.033453,-94.581450,39.033453,-94.581450
39.031628,-94.581162,242
39.033597,-94.581238,34
39.032694,-94.581660,108
-
39.033978,-94.574733,39.033978,-94.574733
universityhouse,0
39.033414,-94.574753,63
39.033215,-94.574762,85
39.033612,-94.574745,41
-
39.036296,-94.575658,39.036296,-94.575658
39.030902,-94.575907,601
39.036259,-94.574359,112
39.034517,-94.575690,198
39.035855,-94.575612,49
39.036225,-94.573312,203
39.037598,-94.577517,217
39.038432,-94.578670,354
39.032713,-94.575797,399
39.035409,-94.575634,99
39.036139,-94.573269,223
-
spencerhall,39.0349318, -94.57455039999999
39.034917,-94.574103,0
-
39.031228,-94.579024,39.031228,-94.579024
psychologybuilding,0
39.031199,-94.578228,69
-
39.036579,-94.578213,39.036579,-94.578213
39.037598,-94.577517,135
39.036457,-94.578031,22
39.036674,-94.578056,17
-
39.032859,-94.574769,39.032859,-94.574769
39.033044,-94.574981,33
39.032674,-94.574774,21
39.033612,-94.574745,84
-
39.033612,-94.574745,39.033612,-94.574745
39.033978,-94.574733,41
39.033613,-94.574418,28
39.032859,-94.574769,84
39.032674,-94.574774,104
-
39.033044,-94.574981,39.033044,-94.574981
cockefairhall,0
39.033215,-94.574762,30
39.032859,-94.574769,33
-
39.033524,-94.573439,39.033524,-94.573439
39.030830,-94.573584,300
39.033540,-94.573895,39
39.034457,-94.573365,104
39.033555,-94.574320,76
39.036225,-94.573312,301
39.036139,-94.573269,291
39.037619,-94.573823,500
-
39.033414,-94.574753,39.033414,-94.574753
39.033978,-94.574733,63
39.033384,-94.574322,37
39.032674,-94.574774,82
39.033215,-94.574762,22
-
39.033115,-94.574017,39.033115,-94.574017
familydevelopmentcenter,0
39.033384,-94.574322,51
39.033555,-94.574320,70
-
39.033747,-94.582743,39.033747,-94.582743
39.032208,-94.582582,179
39.033750,-94.582547,17
39.036529,-94.582600,310
39.038683,-94.582478,549
39.033927,-94.582735,20
-
39.033750,-94.582547,39.033750,-94.582547
39.033747,-94.582743,17
39.034130,-94.582496,43
39.035163,-94.582384,159
-
39.034473,-94.574127,39.034473,-94.574127
39.034490,-94.574752,54
39.035958,-94.574824,224
39.034917,-94.574103,49
39.034669,-94.580333,536
39.034549,-94.576797,231
39.034517,-94.575690,135
39.034457,-94.573365,66
39.034588,-94.578014,336
-
39.034588,-94.578014,39.034588,-94.578014
39.034491,-94.574778,280
39.030491,-94.578264,456
39.031199,-94.578228,377
39.033448,-94.578080,127
39.034669,-94.580333,200
39.034549,-94.576797,105
39.034517,-94.575690,201
39.034473,-94.574127,336
39.034457,-94.573365,402
-
39.031602,-94.577037,39.031602,-94.577037
39.032750,-94.576978,128
39.031574,-94.577221,17
39.030934,-94.577085,74
-
cockefairhall,39.0330497, -94.57521849999999
39.033044,-94.574981,0
-
39.031574,-94.577221,39.031574,-94.577221
granthall,0
39.031602,-94.577037,17
39.031159,-94.577913,100
-
flarsheimhall,39.033743, -94.5764251
39.034145,-94.576622,0
-
39.036674,-94.578056,39.036674,-94.578056
39.035469,-94.577027,211
39.036579,-94.578213,17
39.036579,-94.577864,21
39.037598,-94.577517,118
39.036177,-94.580659,244
-
39.031257,-94.582142,39.031257,-94.582142
39.031878,-94.582040,70
39.031232,-94.581769,32
39.031075,-94.581925,70
-
39.030934,-94.577085,39.030934,-94.577085
39.030948,-94.578242,100
39.032750,-94.576978,202
39.031602,-94.577037,74
39.030902,-94.575907,102
39.030888,-94.575449,141
39.030830,-94.573584,303
-
39.034145,-94.576622,39.034145,-94.576622
flarsheimhall,0
39.034291,-94.576894,33
39.034179,-94.576547,7
-
39.037510,-94.583269,39.037510,-94.583269
johnsonresidencehall,0
39.036984,-94.582563,221
-
atterburysuccesscenter,39.036187, -94.5779723
39.036457,-94.578031,0
-
39.034789,-94.580335,39.034789,-94.580335
39.034669,-94.580333,13
39.034810,-94.580793,40
39.034980,-94.581407,108
39.031704,-94.580520,343
39.035449,-94.580443,74
39.034142,-94.580366,72
39.033143,-94.580420,183
39.036177,-94.580659,157
39.036468,-94.580709,190
-
39.033550,-94.574183,39.033550,-94.574183
39.033555,-94.574320,12
39.033817,-94.574005,44
-
39.032763,-94.577504,39.032763,-94.577504
manheimhall,0
39.032713,-94.575797,148
39.032750,-94.576978,45
39.032674,-94.574774,236
39.032781,-94.578125,54
-
39.034810,-94.580793,39.034810,-94.580793
cherryhall,0
39.034789,-94.580335,40
39.034980,-94.581407,68
-
39.034490,-94.574752,39.034490,-94.574752
universityhouse,0
39.034473,-94.574127,54
-
39.034980,-94.581407,39.034980,-94.581407
oakresidencehall,0
39.034789,-94.580335,108
39.034810,-94.580793,68
-
39.036918,-94.578856,39.036918,-94.578856
olsenperformingartscenter,0
39.035966,-94.575972,310
39.036374,-94.576133,259
-
toysandminiaturesmuseum,39.031144, -94.581921
39.031075,-94.581925,0
-
39.030888,-94.575449,39.030888,-94.575449
africanamericanhistandculturehouse,0
39.030902,-94.575907,40
39.030948,-94.578242,241
39.030934,-94.577085,141
39.030830,-94.573584,161
-
blochexecutivehall,39.0331147, -94.58082139999999
39.033180,-94.580830,0
-
39.033613,-94.574418,39.033613,-94.574418
39.033612,-94.574745,28
39.034129,-94.574397,57
-
39.031888,-94.578184,39.031888,-94.578184
39.031878,-94.582040,343
39.030948,-94.578242,105
39.030491,-94.578264,155
39.031199,-94.578228,77
39.031704,-94.580520,205
39.032418,-94.582813,445
39.031628,-94.581162,261
39.032781,-94.578125,99
39.032208,-94.582582,403
-
39.034917,-94.574103,39.034917,-94.574103
spencerhall,0
39.034473,-94.574127,49
39.035958,-94.574824,175
-
39.030948,-94.578242,39.030948,-94.578242
39.031888,-94.578184,105
39.030902,-94.575907,202
39.030955,-94.577931,27
39.030934,-94.577085,100
39.030888,-94.575449,241
39.030830,-94.573584,403
39.030491,-94.578264,51
39.032781,-94.578125,204
39.031199,-94.578228,28
39.033448,-94.578080,278
-
39.036529,-94.579474,39.036529,-94.579474
olsenperformingartscenter,0
39.037598,-94.577517,246
39.036177,-94.580659,116
-
39.038501,-94.578649,39.038501,-94.578649
39.038683,-94.582478,332
39.038432,-94.578670,8
-
39.038432,-94.578670,39.038432,-94.578670
39.038501,-94.578649,8
39.037598,-94.577517,137
39.035855,-94.575612,403
39.036468,-94.580709,289
39.032713,-94.575797,753
39.036296,-94.575658,354
39.035409,-94.575634,453
39.030902,-94.575907,954
-
39.036259,-94.574359,39.036259,-94.574359
39.036296,-94.575658,112
39.035943,-94.574372,35
39.036139,-94.573269,111
39.036225,-94.573312,91
-
39.034457,-94.573365,39.034457,-94.573365
39.034669,-94.580333,602
39.033524,-94.573439,104
39.034549,-94.576797,297
39.034473,-94.574127,66
39.037619,-94.573823,396
39.030830,-94.573584,404
39.034588,-94.578014,402
-
39.033555,-94.574320,39.033555,-94.574320
39.033524,-94.573439,76
39.033115,-94.574017,70
39.033550,-94.574183,12
39.033384,-94.574322,19
-
fineartsbuilding,39.0351198, -94.5773548
39.035469,-94.577027,0
-
39.035999,-94.577102,39.035999,-94.577102
39.035469,-94.577027,61
39.035966,-94.575972,98
39.035433,-94.576508,107
-
39.035966,-94.575972,39.035966,-94.575972
39.035999,-94.577102,98
39.035856,-94.575966,12
39.036918,-94.578856,310
-
39.032781,-94.578125,39.032781,-94.578125
39.032713,-94.575797,201
39.030491,-94.578264,255
39.031199,-94.578228,176
39.032674,-94.574774,290
39.031888,-94.578184,99
39.032750,-94.576978,99
39.032763,-94.577504,54
39.030948,-94.578242,204
-
39.035449,-94.580443,39.035449,-94.580443
swinneycenter,0
39.034669,-94.580333,88
39.031704,-94.580520,418
39.034142,-94.580366,146
39.036468,-94.580709,116
39.033143,-94.580420,257
39.034789,-94.580335,74
-
newcombhall,39.0334363, -94.57779819999999
39.033448,-94.578080,0
-
39.036225,-94.573312,39.036225,-94.573312
39.036296,-94.575658,203
39.033524,-94.573439,301
39.036259,-94.574359,91
-
